0 0.027644230769230768 0.21995192307692307 0.055288461538461536 0.07211538461538461
0 0.22115384615384615 0.26322115384615385 0.04567307692307692 0.07692307692307693
0 0.25961538461538464 0.21033653846153846 0.03485576923076923 0.04326923076923077
0 0.2668269230769231 0.12980769230769232 0.051682692307692304 0.09735576923076923
0 0.2091346153846154 0.1201923076923077 0.010817307692307692 0.021634615384615384
0 0.0733173076923077 0.1201923076923077 0.010817307692307692 0.019230769230769232
0 0.5649038461538461 0.09975961538461539 0.06009615384615385 0.07572115384615384
0 0.5408653846153846 0.1814903846153846 0.030048076923076924 0.03245192307692308
0 0.5192307692307693 0.09254807692307693 0.014423076923076924 0.039663461538461536
0 0.7079326923076923 0.29447115384615385 0.051682692307692304 0.11298076923076923
0 0.7884615384615384 0.5649038461538461 0.0889423076923077 0.5204326923076923
0 0.6923076923076923 0.6754807692307693 0.046875 0.171875
0 0.5817307692307693 0.5264423076923077 0.05048076923076923 0.0889423076923077
0 0.5997596153846154 0.6766826923076923 0.04567307692307692 0.1201923076923077
0 0.5829326923076923 0.7908653846153846 0.03485576923076923 0.09254807692307693