0 0.9723557692307693 0.7800480769230769 0.055288461538461536 0.07211538461538461
0 0.7788461538461539 0.7367788461538461 0.04567307692307692 0.07692307692307693
0 0.7403846153846154 0.7896634615384616 0.03485576923076923 0.04326923076923077
0 0.7331730769230769 0.8701923076923077 0.051682692307692304 0.09735576923076923
0 0.7908653846153846 0.8798076923076923 0.010817307692307692 0.021634615384615384
0 0.9266826923076923 0.8798076923076923 0.010817307692307692 0.019230769230769232
0 0.43509615384615385 0.9002403846153846 0.06009615384615385 0.07572115384615384
0 0.45913461538461536 0.8185096153846154 0.030048076923076924 0.03245192307692308
0 0.4807692307692308 0.9074519230769231 0.014423076923076924 0.039663461538461536
0 0.2920673076923077 0.7055288461538461 0.051682692307692304 0.11298076923076923
0 0.21153846153846154 0.43509615384615385 0.0889423076923077 0.5204326923076923
0 0.3076923076923077 0.3245192307692308 0.046875 0.171875
0 0.4182692307692308 0.4735576923076923 0.05048076923076923 0.0889423076923077
0 0.40024038461538464 0.3233173076923077 0.04567307692307692 0.1201923076923077
0 0.4170673076923077 0.2091346153846154 0.03485576923076923 0.09254807692307693