0 0.5564903846153846 0.5504807692307693 0.051682692307692304 0.07692307692307693
0 0.35336538461538464 0.5504807692307693 0.04447115384615385 0.03485576923076923
0 0.3088942307692308 0.42788461538461536 0.0733173076923077 0.0889423076923077
0 0.5144230769230769 0.40625 0.08052884615384616 0.10576923076923077
0 0.5504807692307693 0.07451923076923077 0.06370192307692307 0.078125
0 0.4567307692307692 0.05889423076923077 0.04447115384615385 0.04447115384615385
0 0.9627403846153846 0.25600961538461536 0.04807692307692308 0.08173076923076923
0 0.23317307692307693 0.21033653846153846 0.051682692307692304 0.07211538461538461
0 0.0733173076923077 0.29447115384615385 0.1466346153846154 0.11298076923076923
0 0.49278846153846156 0.9831730769230769 0.03365384615384615 0.03365384615384615
0 0.38100961538461536 0.8149038461538461 0.08413461538461539 0.11538461538461539