0 0.4387019230769231 0.8557692307692307 0.03125 0.042067307692307696
0 0.9242788461538461 0.27884615384615385 0.046875 0.12740384615384615
0 0.20192307692307693 0.5408653846153846 0.042067307692307696 0.04807692307692308
0 0.24278846153846154 0.6706730769230769 0.07211538461538461 0.14423076923076922
0 0.49399038461538464 0.24879807692307693 0.03485576923076923 0.04807692307692308
0 0.4699519230769231 0.46634615384615385 0.02403846153846154 0.04326923076923077
0 0.9699519230769231 0.8485576923076923 0.03245192307692308 0.06370192307692307
0 0.9122596153846154 0.8149038461538461 0.028846153846153848 0.046875
0 0.8004807692307693 0.8425480769230769 0.037259615384615384 0.039663461538461536
0 0.8569711538461539 0.9290865384615384 0.052884615384615384 0.037259615384615384
0 0.9471153846153846 0.9663461538461539 0.04447115384615385 0.052884615384615384