0 0.9411057692307693 0.7283653846153846 0.052884615384615384 0.0673076923076923
0 0.6322115384615384 0.24759615384615385 0.025240384615384616 0.03485576923076923
0 0.5300480769230769 0.26802884615384615 0.03245192307692308 0.046875
0 0.5853365384615384 0.25721153846153844 0.02403846153846154 0.06370192307692307
0 0.6069711538461539 0.28846153846153844 0.03245192307692308 0.056490384615384616
0 0.6069711538461539 0.12980769230769232 0.021634615384615384 0.04807692307692308
0 0.5697115384615384 0.13341346153846154 0.026442307692307692 0.052884615384615384
0 0.41586538461538464 0.04447115384615385 0.037259615384615384 0.07091346153846154
0 0.4362980769230769 0.0985576923076923 0.046875 0.042067307692307696
0 0.3737980769230769 0.13221153846153846 0.03125 0.03485576923076923
0 0.24759615384615385 0.203125 0.04927884615384615 0.052884615384615384
0 0.20432692307692307 0.20432692307692307 0.026442307692307692 0.08533653846153846
0 0.1201923076923077 0.13822115384615385 0.04326923076923077 0.06971153846153846
0 0.056490384615384616 0.030048076923076924 0.06850961538461539 0.042067307692307696
0 0.7259615384615384 0.6899038461538461 0.04927884615384615 0.09615384615384616